positon,velocity,time
1,1,0
1.029550032325,0.970004467500706,0.03
1.05820053115049,0.94003546256092,0.06
1.08595268110905,0.910118770716356,0.09
1.11280842826889,0.880279369045923,0.12
1.13877045590477,0.85054142792137,0.15
1.16384216033131,0.820928313420418,0.18
1.18802762681841,0.791462590381637,0.21
1.2113316056077,0.762166026079392,0.24
1.23375948804823,0.733059594497268,0.27
1.25531728286911,0.704163481178505,0.3
1.276011592606,0.675497088632085,0.33
1.29584959019791,0.64707904227326,0.36
1.31483899576992,0.618927196877454,0.39
1.33298805361698,0.591058643526647,0.42
1.35030550940325,0.563489717027534,0.45
1.36680058759072,0.536236003780924,0.48
1.38248296911057,0.509312350082086,0.51
1.39736276928962,0.482732870831927,0.54
1.41145051604407,0.45651095863915,0.57
1.42475712835196,0.430659293293765,0.6
1.43729389501515,0.405189851592573,0.63
1.44907245372102,0.38011391749752,0.66
1.46010477041386,0.355442092608066,0.69
1.47040311898468,0.331184306929006,0.72
1.47998006128847,0.307349829915482,0.75
1.48884842749659,0.283947281777169,0.78
1.49702129679205,0.260984645023985,0.81
1.50451197841449,0.238469276235932,0.84
1.51133399306147,0.216407918040015,0.87
1.51750105465191,0.194806711277502,0.9
1.52302705245724,0.173671207345111,0.93
1.52792603360518,0.153006380694037,0.96
1.53221218596064,0.132816641471086,0.99
1.5358998213878,0.113105848286496,1.02
1.53900335939699,0.093877321093386,1.05
1.54153731117932,0.0751338541641171,1.08
1.54351626403206,0.0568777291491964,1.11
1.54495486617664,0.0391107282047038,1.14
1.54586781197148,0.0218341471745818,1.17
1.5462698275209,0.00504880881447703,1.2
1.5461756566812,-0.0112449239558163,1.23
1.54560004746457,-0.0270471347839062,1.26
1.54455773884117,-0.0423583406125834,1.29
1.54306344793927,-0.057179478415709,1.32
1.54113185764305,-0.0715118919537303,1.35
1.5387776045873,-0.0853573185599867,1.38
1.53601526754793,-0.0987178759686098,1.41
1.53285935622688,-0.111596049194468,1.44
1.52932430042977,-0.123994677475247,1.47
1.52542443963415,-0.135916941285407,1.5
1.52117401294622,-0.147366349431412,1.53
1.5165871494433,-0.158346726237251,1.56
1.51167785889932,-0.168862198828975,1.59
1.50646002289013,-0.178917184526561,1.62
1.5009473862754,-0.188516378351137,1.65
1.49515354905343,-0.19766474065522,1.68
1.48909195858516,-0.2063674848833,1.71
1.48277590218323,-0.214630065469775,1.74
1.47621850006211,-0.222458165880898,1.77
1.46943269864459,-0.229857686807083,1.8
1.46243126422023,-0.23683473451161,1.83
1.45522677695092,-0.243395609341405,1.86
1.44783162521865,-0.249546794405325,1.89
1.44025800031028,-0.255294944425015,1.92
1.43251789143424,-0.260646874763118,1.95
1.42462308106356,-0.265609550633346,1.98
1.41658514059989,-0.27019007649657,2.01
1.40841542635278,-0.274395685646873,2.04
1.40012507582845,-0.278233729991141,2.07
1.39172500432229,-0.281711670025566,2.1
1.383225901809,-0.284837065012119,2.13
1.37463823012448,-0.287617563357779,2.16
1.36597222043321,-0.290060893199073,2.19
1.35723787097497,-0.2921748531942,2.22
1.34844494508474,-0.293967303524762,2.25
1.33960296947933,-0.295446157108893,2.28
1.33072123280437,-0.296619371027323,2.31
1.32180878443543,-0.297494938163686,2.34
1.31287443352662,-0.298080879060159,2.37
1.30392674830025,-0.29838523398927,2.4
1.29497405557123,-0.29841605524254,2.43
1.28602444049934,-0.298181399636369,2.46
1.27708574656328,-0.297689321235387,2.49
1.26816557574958,-0.296947864293321,2.52
1.25927128895014,-0.295965056411167,2.55
1.2504100065617,-0.294748901912352,2.58
1.24158860928086,-0.293307375434312,2.61
1.23281373908808,-0.291648415735791,2.64
1.22409180041421,-0.289779919718978,2.67
1.21542896148323,-0.287709736665412,2.7
1.20683115582466,-0.285445662684473,2.73
1.19830408394934,-0.282995435373074,2.76
1.18985321518227,-0.280366728685072,2.79
1.18148378964632,-0.27756714800872,2.82
1.17320082039038,-0.274604225450401,2.85
1.16500909565607,-0.271485415322713,2.88
1.15691318127664,-0.268218089834872,2.91
1.14891742320227,-0.264809534983276,2.94
1.14102595014555,-0.261266946639945,2.97
1.13324267634151,-0.25759742683648,3
1.12557130441613,-0.253807980241034,3.03
1.11801532835766,-0.249905510825723,3.06
1.11057803658521,-0.245896818721812,3.09
1.10326251510879,-0.241788597259897,3.12
1.09607165077547,-0.237587430192255,3.15
1.08900813459611,-0.233299789094431,3.18
1.08207446514747,-0.228932030943073,3.21
1.07527295204435,-0.224490395866956,3.24
1.06860571947657,-0.219981005068058,3.27
1.06207470980594,-0.215409858909525,3.3
1.055681687218,-0.210782835167267,3.33
1.04942824142389,-0.206105687441916,3.36
1.04331579140745,-0.201384043727807,3.39
1.03734558921293,-0.196623405135604,3.42
1.03151872376882,-0.191829144765175,3.45
1.0258361247432,-0.187006506725271,3.48
1.0202985664264,-0.182160605296528,3.51
1.01490667163667,-0.177296424234316,3.54
1.00966091564463,-0.172418816207909,3.57
1.00456163011264,-0.167532502372443,3.6
0.999609007045035,-0.162642072070126,3.63
0.994803102745388,-0.157751982657136,3.66
0.990143841777169,-0.152866559452652,3.69
0.985631020924137,-0.14798999580645,3.72
0.981264313146962,-0.143126353281498,3.75
0.977043271532693,-0.138279561947999,3.78
0.972967333233776,-0.133453420785314,3.81
0.969035823393444,-0.128651598188234,3.84
0.965247959054393,-0.123877632574052,3.87
0.961602853047784,-0.119134933086939,3.9
0.958099517859687,-0.114426780396102,3.93
0.954736869472233,-0.109756327584262,3.96
0.951513731176783,-0.105126601122979,3.99
0.948428837356593,-0.100540501931409,4.02
0.945480837236494,-0.09600080651508,4.05
0.942668298597261,-0.0915101681813048,4.08
0.939989711452404,-0.0870711183279083,4.11
0.937443491685248,-0.0826860678019395,4.14
0.93502798464423,-0.0783573083251075,4.17
0.932741468694488,-0.074087013982701,4.2
0.930582158723856,-0.0698772427727972,4.23
0.928548209601525,-0.0657299382126028,4.26
0.926637719587698,-0.0616469309988159,4.29
0.924848733692656,-0.0576299407189398,4.32
0.923179246983762,-0.0536805776105257,4.35
0.921627207839004,-0.0498003443653674,4.38
0.920190521145778,-0.0459906379757219,4.41
0.918867051443688,-0.0422527516196741,4.44
0.917654626010229,-0.0385878765828198,4.47
0.916551037888318,-0.034997104213489,4.5
0.915554048854693,-0.031481427908784,4.53
0.914661392328305,-0.0280417451287626,4.56
0.913870776217892,-0.0246788594361466,4.59
0.913179885708016,-0.0213934825589955,4.62
0.912586385982902,-0.0181862364738356,4.65
0.912087924887511,-0.0150576555067943,4.68
0.911682135525331,-0.012008188450345,4.71
0.911366638792475,-0.00903820069332344,4.74
0.911139045847694,-0.00614797636193577,4.77
0.910996960518028,-0.00333772046953526,4.8
0.910937981639863,-0.000607561073002037,4.83
0.910959705335218,0.00204244856638048,4.86
0.911059727223169,0.00461232781960149,4.89
0.911235644566356,0.00710216652614109,4.92
0.911485058352597,0.00951212283166299,4.95
0.911805575311684,0.011842421029055,4.98
0.912194809867469,0.0140933494046324,5.01
0.912650386025451,0.0162652580912611,5.04
0.913169939196072,0.0183585569300996,5.07
0.913751117954019,0.0203737133426007,5.1
0.914391585733857,0.0223112502143554,5.13
0.915089022462379,0.0241717437923075,5.16
0.915841126128086,0.025955821596805,5.19
0.916645614288271,0.027664160349903,5.22
0.917500225514218,0.0292974839212741,5.25
0.918402720775045,0.0308565612930262,5.28
0.919350884760809,0.0323422045446745,5.31
0.920342527145461,0.0337552668594568,5.34
0.921375483790338,0.0350966405531312,5.37
0.922447617888856,0.0363672551263369,5.4
0.923556821053159,0.03756807534155,5.43
0.924701014343434,0.0387000993256117,5.46
0.92587814924072,0.0397643566987558,5.49
0.927086208563984,0.0407619067310104,5.52
0.928323207332307,0.0416938365268,5.55
0.929587193573053,0.0425612592385229,5.58
0.93087624907688,0.0433653123098333,5.61
0.932188490100503,0.0441071557493053,5.64
0.933522068018138,0.0447879704351129,5.67
0.934875169922551,0.0454089564513124,5.7
0.936246019176683,0.0459713314562669,5.73
0.937632875916807,0.0464763290837112,5.76
0.939034037508228,0.0469251973769087,5.79
0.940447838954488,0.0473191972563106,5.82
0.941872653261131,0.047659601021087,5.85
0.943306891755004,0.0479476908848558,5.88
0.944749004360165,0.0481847575458975,5.91
0.946197479831406,0.0483720987921046,5.94
0.947650845946453,0.0485110181408756,5.97
0.94910766965789,0.0486028235141259,6
0.950566557205856,0.0486488259485546,6.03
0.95202615419259,0.0486503383412653,6.06
0.953485145619865,0.0486086742308119,6.09
0.954942255890395,0.0485251466136997,6.12
0.956396248774259,0.048401066796346,6.15
0.957845927341426,0.0482377432824677,6.18
0.959290133861425,0.0480364806958372,6.21
0.960727749671226,0.0477985787383149,6.24
0.962157695012399,0.0475253311830406,6.27
0.963578928838582,0.0472180249026362,6.3
0.964990448594328,0.0468779389322478,6.33
0.966391289966358,0.0465063435672271,6.36
0.967780526608265,0.0461044994952287,6.39
0.969157269839689,0.0456736569624762,6.42
0.970520668320993,0.0452150549739252,6.45
0.97186990770445,0.0447299205270316,6.48
0.973204210262939,0.044219467878811,6.51
0.974522834497151,0.0436848978458547,6.54
0.975825074722282,0.0431273971369497,6.57
0.977110260635197,0.0425481377179294,6.6
0.978377756863007,0.0419482762083676,6.63
0.979626962494028,0.0413289533097074,6.66
0.980857310592049,0.0406912932644042,6.69
0.982068267694825,0.0400364033456459,6.72
0.983259333297733,0.0393653733771979,6.75
0.984430039323449,0.0386792752829094,6.78
0.985579949578562,0.0379791626654029,6.81
0.986708659197977,0.0372660704134585,6.84
0.987815794077964,0.036541014337593,6.87
0.98890101029869,0.0358049908333232,6.9
0.989963993537058,0.0350589765715939,6.93
0.991004458470658,0.0343039282158426,6.96
0.99202214817363,0.0335407821651638,6.99
0.993016833505196,0.0327704543230302,7.02
0.993988312491637,0.0319938398910195,7.05
0.99493640970245,0.0312118131869911,7.08
0.995860975621408,0.030425227487152,7.11
0.996761886013231,0.0296349148914441,7.14
0.997639041286567,0.0288416862116851,7.17
0.998492365853948,0.028046330881888,7.2
0.999321807489381,0.0272496168901844,7.23
1.00012733668421,0.026452290731773,7.26
1.00090894600189,0.0256550773823127,7.29
1.00166664943224,0.0248586802911821,7.32
1.00240048174578,0.0240637813940214,7.35
1.0031104978488,0.0232710411439776,7.38
1.00379677213951,0.022481098561072,7.41
1.00445939786604,0.0216945712991103,7.44
1.00509848648668,0.020912055729558,7.47
1.00571416703285,0.020134127041805,7.5
1.00630658547537,0.0193613393592463,7.53
1.00687590409436,0.0185942258706087,7.56
1.00742230085342,0.0178332989759558,7.59
1.0079459687783,0.0170790504468084,7.62
1.00844711534061,0.0163319515998219,7.65
1.00892596184695,0.0155924534834646,7.68
1.00938274283386,0.0148609870771484,7.71
1.0098177054688,0.0141379635022665,7.74
1.01023110895781,0.0134237742446,7.77
1.01062322395983,0.0127187913875592,7.8
1.01099433200834,0.0120233678557331,7.83
1.01134472494031,0.0113378376682271,7.86
1.01167470433297,0.0106625162012736,7.89
1.01198458094856,0.00999770045961008,7.92
1.01227467418742,0.009343669356124,7.95
1.01254531154944,0.00870068399927263,7.98
1.01279682810438,0.00806898798779329,8.01
1.0130295659711,0.00744880771222702,8.04
1.01324387380587,0.00684035266278714,8.07
1.01344010630008,0.00624381574311221,8.1
1.01361862368742,0.00565937358945126,8.13
1.0137797912607,0.00508718689483791,8.16
1.01392397889848,0.00452740073781829,8.19
1.0140515606016,0.00398014491530702,8.22
1.01416291403981,0.00344553427915391,8.25
1.01425842010847,0.00292366907601343,8.28
1.01433846249553,0.00241463529011808,8.31
1.01440342725886,0.00191850498856579,8.34
1.01445370241393,0.00143533666874105,8.37
1.01448967753195,0.000965175607498682,8.4
1.01451174334848,0.000508054211748501,8.43
1.01452029138267,6.3992370088778e-05,8.46
1.01451571356694,-0.000367002194854344,8.49
1.01449840188729,-0.000784933573714691,8.52
1.01446874803425,-0.00118981731762484,8.55
1.01442714306428,-0.00158168008572008,8.58
1.01437397707187,-0.00196055929321224,8.61
1.01430963887209,-0.00232650276032844,8.64
1.0142345156937,-0.00267956836240061,8.67
1.01414899288276,-0.00301982368138186,8.7
1.01405345361656,-0.00334734565905649,8.73
1.0139482786281,-0.00366222025220116,8.76
1.0138338459407,-0.00396454208994507,8.79
1.01371053061301,-0.00425441413356817,8.82
1.01357870449406,-0.00453194733896675,8.85
1.01343873598848,-0.00479726032200696,8.88
1.01329098983167,-0.00505047902697752,8.91
1.01313582687488,-0.00529173639834401,8.94
1.01297360388009,-0.00552117205599818,8.97
1.01280467332458,-0.00573893197418682,9
1.01262938321503,-0.0059451681642962,9.03
1.01244807691117,-0.00614003836165928,9.06
1.01226109295868,-0.00632370571654455,9.09
1.01206876493129,-0.00649633848947674,9.12
1.01187142128205,-0.0066581097510317,9.15
1.01166938520343,-0.0068091970862391,9.18
1.01146297449629,-0.00694978230371912,9.21
1.01125250144742,-0.00708005114967085,9.24
1.01103827271573,-0.00720019302682276,9.27
1.01082058922663,-0.00731040071844761,9.3
1.0105997460747,-0.0074108701175369,9.33
1.01037603243445,-0.00750179996122248,9.36
1.01014973147884,-0.0075833915705256,9.39
1.00992112030565,-0.00765584859550681,9.42
1.00969046987136,-0.00771937676588292,9.45
1.00945804493238,-0.00777418364717062,9.48
1.00922410399364,-0.00782047840240956,9.51
1.00898889926411,-0.00785847155951126,9.54
1.00875267661932,-0.00788837478427391,9.57
1.00851567557049,-0.00791040065909669,9.6
1.00827812924036,-0.00792476246742152,9.63
1.00804026434526,-0.00793167398392395,9.66
1.00780230118348,-0.00793134927046932,9.69
1.00756445362961,-0.0079240024778448,9.72
1.00732692913484,-0.00790984765327222,9.75
1.00708992873279,-0.00788909855370157,9.78
1.00685364705103,-0.0078619684648799,9.81
1.0066182723278,-0.00782867002618529,9.84
1.00638398643399,-0.00778941506121074,9.87
1.00615096490007,-0.00774441441407845,9.9
1.00591937694786,-0.00769387779145992,9.93
1.00568938552695,-0.00763801361027368,9.96
1.00546114735563,-0.00757702885102756,9.99
1.00523481296605,-0.00751112891676888,10.02
1.00501052675368,-0.00744051749760178,10.05
1.00478842703057,-0.00736539644072736,10.08
1.00456864608258,-0.00728596562595849,10.11
1.00435131023019,-0.00720242284665805,10.14
1.00413653989278,-0.00711496369604563,10.17
1.00392444965633,-0.00702378145881504,10.2
1.00371514834417,-0.00692906700800168,10.23
1.00350873909087,-0.00683100870703592,10.26
1.00330531941889,-0.00672979231691631,10.29
1.00310498131801,-0.00662560090843339,10.32
1.00290781132727,-0.00651861477937275,10.35
1.00271389061937,-0.00640901137662358,10.38
1.00252329508728,-0.00629696522311675,10.41
1.00233609543299,-0.00618264784951447,10.44
1.00215235725826,-0.00606622773057169,10.47
1.00197214115719,-0.00594787022608763,10.5
1.00179550281052,-0.00582773752636396,10.53
1.00162249308142,-0.005705988602085,10.56
1.00145315811283,-0.00558277915853354,10.59
1.00128753942604,-0.00545826159405481,10.62
1.00112567402046,-0.00533258496267984,10.65
1.00096759447446,-0.00520589494081846,10.68
1.00081332904717,-0.00507833379793108,10.71
1.00066290178105,-0.00495004037108781,10.74
1.00051633260522,-0.00482115004332251,10.77
1.00037363743933,-0.00469179472568877,10.8
1.00023482829798,-0.00456210284292441,10.83
1.00009991339545,-0.00443219932263048,10.86
0.999968897250764,-0.00430220558787053,10.89
0.999841780792854,-0.0041722395530956,10.92
0.999718561465877,-0.00404241562330029,10.95
0.999599233334453,-0.00391284469631509,10.98
0.999483787188814,-0.00378363416814039,11.01
0.999372210649737,-0.00365488794122737,11.04
0.999264488273194,-0.00352670643561143,11.07
0.999160601654624,-0.00339918660280405,11.1
0.999060529532741,-0.00327242194234905,11.13
0.998964247892821,-0.00314650252095003,11.16
0.99887173006936,-0.00302151499407592,11.19
0.998782946848065,-0.00289754262995228,11.22
0.998697866567079,-0.00277466533584654,11.25
0.998616455217385,-0.0026529596865562,11.28
0.998538676542332,-0.00253249895500941,11.31
0.998464492136203,-0.00241335314488862,11.34
0.998393861541781,-0.00229558902518834,11.37
0.998326742346845,-0.00217927016661948,11.4
0.998263090279553,-0.00206445697977311,11.43
0.99820285930265,-0.0019512067549581,11.46
0.998146001706462,-0.00183957370362764,11.49
0.998092468200619,-0.00172960900131109,11.52
0.998042208004469,-0.0016213608319685,11.55
0.997995168936149,-0.00151487443368654,11.58
0.997951297500254,-0.00141019214563559,11.61
0.997910538974087,-0.00130735345620912,11.64
0.997872837492447,-0.00120639505226777,11.67
0.997838136130923,-0.00110735086941175,11.7
0.997806376987668,-0.00101025214320672,11.73
0.997777501263614,-0.000915127461289391,11.76
0.997751449341125,-0.000822002816280798,11.79
0.997728160861044,-0.00073090165943639,11.82
0.997707574798113,-0.000641844954963613,11.85
0.997689629534773,-0.000554851234939091,11.88
0.99767426293329,-0.000469936654759028,11.91
0.99766141240622,-0.000387115049057872,11.94
0.997651014985188,-0.000306397988031849,11.97
0.997643007387971,-0.000227794834105473,12
0.997637326083879,-0.000151312798880629,12.03
0.997633907357422,-7.69570003094205e-05,12.06
0.99763268737026,-4.73052003346153e-06,12.09
0.997633602221429,6.53655391661469e-05,12.12
0.997636588005847,0.000133331995862337,12.15
0.99764158087109,0.000199171532471764,12.18
0.997648517072446,0.000262888637791759,12.21
0.997657333026245,0.00032448954963409,12.24
0.997667965361471,0.00038398219760354,12.27
0.99768035096966,0.000441376146067735,12.3
0.997694427053091,0.00049668253736315,12.33
0.997710131171275,0.000549914035280645,12.36
0.997727401285756,0.000601084768872396,12.39
0.99774617580323,0.000650210276620519,12.42
0.997766393616994,0.000697307451006212,12.45
0.997787994146745,0.000742394483516707,12.48
0.997810917376724,0.000785490810125872,12.51
0.997835103892244,0.00082661705728276,12.54
0.9978604949146,0.000865794988441023,12.57
0.997887032334384,0.000903047451160577,12.6
0.99791465874322,0.000938398324811519,12.63
0.997943317463945,0.000971872468908854,12.66
0.997972952579246,0.00100349567210521,12.69
0.998003508958774,0.00103329460186728,12.72
0.998034932284767,0.00106129675486044,12.75
0.998067169076189,0.00108753040806458,12.78
0.998100166711415,0.00111202457064289,12.81
0.998133873449485,0.00113480893658395,12.84
0.998168238449948,0.00115591383813641,12.87
0.998203211791319,0.00117537020005396,12.9
0.998238744488185,0.00119320949466723,12.93
0.99827478850696,0.0012094636977982,12.96
0.998311296780347,0.00122416524553097,12.99
0.998348223220502,0.00123734699185222,13.02
0.998385522730952,0.00124904216717306,13.05
0.998423151217272,0.00125928433774299,13.08
0.998461065596566,0.00126810736596562,13.11
0.998499223805767,0.00127554537162473,13.14
0.998537584808787,0.00128163269402802,13.17
0.998576108602546,0.00128640385507508,13.2
0.998614756221913,0.001289893523255,13.23
0.998653489743565,0.00129213647857807,13.26
0.998692272288829,0.00129316757844495,13.29
0.998731068025497,0.00129302172445607,13.32
0.998769842168668,0.00129173383016265,13.35
0.998808560980632,0.00128933878976029,13.38
0.998847191769838,0.00128587144772502,13.41
0.998885702888952,0.00128136656939067,13.44
0.998924063732055,0.00127585881246613,13.47
0.998962244731,0.00126938269948972,13.5
0.999000217350956,0.00126197259121752,13.53
0.999037954085164,0.00125366266094166,13.56
0.999075428448942,0.00124448686973376,13.59
0.999112614972958,0.00123447894260825,13.62
0.999149489195801,0.00122367234559935,13.65
0.99918602765588,0.00121210026374528,13.68
0.999222207882676,0.0011997955799721,13.71
0.999258008387372,0.00118679085486957,13.74
0.999293408652889,0.00117311830735051,13.77
0.999328389123361,0.00115880979618455,13.8
0.999362931193059,0.00114389680239712,13.83
0.999397017194811,0.00112841041252333,13.86
0.999430630387922,0.00111238130270671,13.89
0.999463754945636,0.00109583972363156,13.92
0.999496375942157,0.00107881548627794,13.95
0.999528479339255,0.00106133794848745,13.98
0.999560051972477,0.00104343600232778,14.01
0.999591081536998,0.00102513806224365,14.04
0.999621556573121,0.00100647205398136,14.07
0.999651466451463,0.000987465404273988,14.1
0.999680801357836,0.000968145031273771,14.13
0.999709552277856,0.000948537335718215,14.16
0.999737710981299,0.000928668192815961,14.19
0.999765270006219,0.000908562944838399,14.22
0.999792222642862,0.000888246394402709,14.25
0.999818562917378,0.000867742798431859,14.28
0.999844285575373,0.000847075862776909,14.31
0.999869386065303,0.000826268737486813,14.34
0.999893860521736,0.000805344012710767,14.37
0.9999177057485,0.000784323715218063,14.4
0.999940919201741,0.000763229305520261,14.43
0.999963498972897,0.000742081675580446,14.46
0.999985443771612,0.000720901147094236,14.49
1.00000675290861,0.000699707470327188,14.52
1.00002742627856,0.000678519823493156,14.55
1.00004746434286,0.000657356812658193,14.58
1.00006686811255,0.000636236472154556,14.61
1.00008563913112,0.000615176265489325,14.64
1.0001037794574,0.000594193086732259,14.67
1.00012129164855,0.000573303262367494,14.7
1.00013817874304,0.000552522553593688,14.73
1.0001544442437,0.000531866159057376,14.76
1.00017009210096,0.000511348718004263,14.79
1.00018512669604,0.000490984313833351,14.82
1.00019955282441,0.000470786478038798,14.85
1.00021337567924,0.000450768194524591,14.88
1.00022660083506,0.000430941904277175,14.91
1.00023923423155,0.000411319510381318,14.94
1.00025128215748,0.00039191238336462,14.97
1.00026275123483,0.000372731366856216,15
1.00027364840305,0.00035378678354537,15.03
1.00028398090353,0.000335088441425815,15.06
1.00029375626427,0.000316645640311848,15.09
1.00030298228471,0.000298467178612395,15.12
1.00031166702082,0.000280561360349409,15.15
1.00031981877038,0.000262936002407116,15.18
1.00032744605843,0.000245598441998921,15.21
1.00033455762305,0.000228555544338899,15.24
1.0003411624013,0.000211813710504997,15.27
1.00034726951538,0.000195378885481352,15.3
1.00035288825913,0.000179256566367258,15.33
1.00035802808468,0.000163451810740616,15.36
1.0003626985894,0.000147969245163879,15.39
1.00036690950309,0.000132813073820718,15.42
1.00037067067547,0.000117987087271906,15.45
1.00037399206386,0.000103494671319134,15.48
1.00037688372121,8.93388159657094e-05,15.51
1.00037935578435,7.55221244633267e-05,15.54
1.0003814184625,6.20468224343498e-05,15.57
1.00038308202612,4.89147670592763e-05,15.6
1.00038435679596,3.61274563193263e-05,15.63
1.00038525313244,2.36860382843218e-05,15.66
1.0003857814253,1.15913204362946e-05,15.69
1.0003859520835,-1.56220980519463e-07,15.72
1.00038577552544,-1.15564315923441e-05,15.75
1.00038526216945,-2.26094695200152e-05,15.78
1.00038442242453,-3.33157960031785e-05,15.81
1.00038326668143,-4.36761660328739e-05,15.84
1.00038180530394,-5.36916190004983e-05,15.87
1.00038004862053,-6.33634693710197e-05,15.9
1.00037800691624,-7.26932973879791e-05,15.93
1.0003756904248,-8.16829398175345e-05,15.96
1.00037310932114,-9.03344807386598e-05,15.99
1.00037027371405,-9.86502423862758e-05,16.02
1.00036719363919,-0.000106632776053864,16.05
1.00036387905238,-0.000114284853061857,16.08
1.0003603398231,-0.000121609455797908,16.11
1.00035658572829,-0.000128609768834812,16.14
1.00035262644646,-0.000135289170131715,16.17
1.00034847155197,-0.000141651222323869,16.2
1.00034413050963,-0.000147699664106132,16.23
1.00033961266958,-0.000153438401715004,16.26
1.00033492726235,-0.000158871500513882,16.29
1.00033008339422,-0.000164003176685941,16.32
1.00032509004284,-0.000168837789038802,16.35
1.00031995605304,-0.00017337983092496,16.38
1.00031469013296,-0.000177633922281729,16.41
1.0003093008503,-0.000181604801794197,16.44
1.00030379662896,-0.000185297319184548,16.47
1.00029818574573,-0.000188716427630815,16.5
1.0002924763274,-0.000191867176317961,16.53
1.00028667634788,-0.000194754703124008,16.56
1.00028079362574,-0.00019738422744369,16.59
1.00027483582183,-0.000199761043151911,16.62
1.00026881043714,-0.000201890511709166,16.65
1.0002627248109,-0.000203778055410781,16.68
1.00025658611883,-0.000205429150781733,16.71
1.00025040137162,-0.000206849322118617,16.74
1.00024417741361,-0.000208044135180126,16.77
1.00023792092161,-0.00020901919102724,16.8
1.00023163840395,-0.000209780120014166,16.83
1.00022533619967,-0.0002103325759309,16.86
1.00021902047794,-0.00021068223029813,16.89
1.00021269723756,-0.000210834766815034,16.92
1.00020637230673,-0.000210795875960358,16.95
1.00020005134288,-0.00021057124974707,16.98
1.00019373983274,-0.000210166576630653,17.01
1.00018744309247,-0.000209587536571054,17.04
1.00018116626806,-0.000208839796248088,17.07
1.00017491433573,-0.000207929004430037,17.1
1.00016869210256,-0.000206860787495001,17.13
1.00016250420724,-0.000205640745104468,17.16
1.00015635512092,-0.000204274446028431,17.19
1.00015024914821,-0.000202767424121276,17.22
1.00014419042825,-0.000201125174447548,17.25
1.00013818293598,-0.000199353149556644,17.28
1.00013223048344,-0.000197456755905249,17.31
1.00012633672122,-0.000195441350426419,17.34
1.00012050513997,-0.000193312237243919,17.37
1.00011473907205,-0.000191074664530514,17.4
1.00010904169326,-0.000188733821508724,17.43
1.00010341602464,-0.000186294835592458,17.46
1.00009786493437,-0.000183762769667946,17.49
1.00009239113974,-0.00018114261951222,17.52
1.00008699720921,-0.000178439311347413,17.55
1.00008168556452,-0.000175657699528971,17.58
1.00007645848288,-0.000172802564365932,17.61
1.00007131809925,-0.000169878610071262,17.64
1.00006626640861,-0.000166890462840221,17.67
1.00006130526834,-0.000163842669054716,17.7
1.00005643640067,-0.000160739693611454,17.73
1.0000516613951,-0.000157585918371774,17.76
1.00004698171095,-0.000154385640730892,17.79
1.00004239867992,-0.000151143072304317,17.82
1.00003791350863,-0.000147862337729146,17.85
1.00003352728129,-0.000144547473577898,17.88
1.00002924096237,-0.00014120242738252,17.91
1.00002505539922,-0.00013783105676617,17.94
1.00002097132485,-0.000134437128680409,17.97
1.00001698936063,-0.000131024318745265,18
1.00001311001901,-0.000127596210689818,18.03
1.00000933370634,-0.000124156295890766,18.06
1.00000566072562,-0.000120707973006507,18.09
1.00000209127926,-0.000117254547704248,18.12
0.999998625471919,-0.000113799232477603,18.15
0.999995263313273,-0.000110345146552196,18.18
0.99999200472082,-0.000106895315876756,18.21
0.999988849522679,-0.000103452673197145,18.24
0.999985797460381,-0.000100020058210844,18.27
0.999982848191662,-9.66002177993724e-05,18.3
0.999980001293237,-9.31958063361107e-05,18.33
0.999977256263575,-8.98093860670545e-05,18.36
0.999974612525652,-8.64434275619774e-05,18.39
0.999972069429697,-8.31003102335546e-05,18.42
0.999969626255918,-7.97823229219411e-05,18.45
0.999967282217205,-7.64916645423999e-05,18.48
0.999965036461823,-7.32304447934847e-05,18.51
0.999962888076074,-7.00006849234064e-05,18.54
0.99996083608694,-6.68043185521604e-05,18.57
0.999958879464698,-6.36431925470523e-05,18.6
0.999957017125507,-6.05190679492503e-05,18.63
0.999955247933971,-5.74336209490488e-05,18.66
0.999953570705668,-5.43884439075368e-05,18.69
0.999951984209651,-5.13850464223894e-05,18.72
0.999950487170911,-4.8424856435532e-05,18.75
0.999949078272812,-4.55092213804758e-05,18.78
0.999947756159488,-4.26394093671032e-05,18.81
0.999946519438203,-3.98166104017694e-05,18.84
0.999945366681678,-3.70419376405916e-05,18.87
0.999944296430376,-3.43164286738214e-05,18.9
0.99994330719475,-3.16410468392741e-05,18.93
0.999942397457447,-2.9016682562749e-05,18.96
0.999941565675482,-2.6444154723482e-05,18.99
0.999940810282357,-2.392421204267e-05,19.02
0.999940129690147,-2.14575344931704e-05,19.05
0.999939522291543,-1.9044734728476e-05,19.08
0.999938986461846,-1.66863595291451e-05,19.11
0.999938520560924,-1.43828912648753e-05,19.14
0.999938122935123,-1.21347493704958e-05,19.17
0.99993779191913,-9.9422918340986e-06,19.2
0.999937525837796,-7.80581669569291e-06,19.23
0.99993732300791,-5.72556355470871e-06,19.26
0.999937181739933,-3.70171508474803e-06,19.29
0.999937100339679,-1.73439855404787e-06,19.32
0.999937077109955,1.76312649874421e-07,19.35
0.999937110352158,2.0303974928699e-06,19.38
0.999937198367819,3.82788576552664e-06,19.41
0.999937339460105,5.56885655466628e-06,19.44
0.999937531935277,7.25343671630483e-06,19.47
0.999937774104101,8.88179935138327e-06,19.5
0.999938064283206,1.04541622855673e-05,19.53
0.999938400796412,1.19707865543124e-05,19.56
0.999938781975998,1.34319748943977e-05,19.59
0.99993920616393,1.4838070243064e-05,19.62
0.99993967171305,1.61894542458781e-05,19.65
0.999940176988209,1.74865457743761e-05,19.68
0.999940720367364,1.8729799454506e-05,19.71
0.99994130024263,1.99197042068726e-05,19.74
0.999941915021285,2.10567817997136e-05,19.77
0.999942563126736,2.21415854155227e-05,19.8
0.999943242999438,2.31746982321929e-05,19.83
0.999943953097774,2.41567320194814e-05,19.86
0.99994469189889,2.50883257516194e-05,19.89
0.999945457899496,2.59701442368042e-05,19.92
0.999946249616613,2.68028767642994e-05,19.95
0.999947065588293,2.75872357698049e-05,19.98
